50,40
50,39
50,38
50,37
50,36
50,35
0,273
0,270
10,121
10,209
10,167
10,68
10,163
10,2
10,3
11,26
9,7
8,16
8,6
8,7
8,15
38,4
38,3
38,2
38,1
38,0
34,5
34,4
34,3
34,2
34,1
34,0
31,3
31,2
31,1
31,0
30,4
30,3
30,2
30,1
30,0
29,4
29,3
29,2
29,1
29,0
20,3
20,2
20,1
19,3
19,2
19,1
12,3
12,2
12,1
11,30
11,29
11,27
11,25
11,24
11,23
11,22
11,21
11,20
11,19
11,18
11,17
11,16
11,15
11,14
11,13
11,12
11,11
11,9
11,8
11,7
11,6
11,5
11,4
11,3
11,2
11,1
10,310
10,306
10,303
10,294
10,292
10,291
10,290
10,285
10,281
10,277
10,275
10,274
10,270
10,267
10,264
10,257
10,252
10,243
10,242
10,241
10,237
10,222
10,221
10,219
